# config.py

CONFIGS = {
    "voles-100-99": {
        "n": 712,
        "beta": 10,
        "embed_dim": 50,
        "row_penalty": 10,
        "col_penalty": 200,
        "learning_rate": 1e-2,
        "mu": 0.5,
        "fugal_hungarian_accuracy": 0.9845722300140253,
        "kissing_hungarian_accuracy": 0.9551,
        "fugal_greedy_accuracy": 0.9495091164095372,
        "kissing_greedy_accuracy": 0.9536516853932584,
    },
    "voles-100-95": {
        "n": 712,
        "beta": 10,
        "embed_dim": 50,
        "row_penalty": 10,
        "col_penalty": 200,
        "learning_rate": 1e-2,
        "mu": 0.5,
        "fugal_hungarian_accuracy": 0.9733520336605891,
        "kissing_hungarian_accuracy": 0.9411,
        "fugal_greedy_accuracy": 0.9453015427769986,
        "kissing_greedy_accuracy": 0.9480337078651685,
    },
    "voles-100-90": {
        "n": 712,
        "beta": 10,
        "embed_dim": 50,
        "row_penalty": 10,
        "col_penalty": 200,
        "learning_rate": 1e-2,
        "mu": 0.5,
        "fugal_hungarian_accuracy": 0.9789621318373072,
        "kissing_hungarian_accuracy": 0.9243,
        "fugal_greedy_accuracy": 0.9438990182328191,
        "kissing_greedy_accuracy": 0.9382022471910112,
    },
    "voles-100-80": {
        "n": 712,
        "beta": 10,
        "embed_dim": 100,
        "row_penalty": 10,
        "col_penalty": 200,
        "learning_rate": 1e-2,
        "mu": 0.5,
        "fugal_hungarian_accuracy": 0.9368863955119214,
        "kissing_hungarian_accuracy": 0.8780,
        "fugal_greedy_accuracy": 0.9004207573632539,
        "kissing_greedy_accuracy": 0.875,
    }
}